((("x" .
   [3])
  ("hoge" .
   [1 0 0 0])
  ("Hoge" .
   [2 0 0 0])
  ("classlist" .
   [2 0 0 0 0 0 0 0 0])
  ("clas" .
   [3 0 0 0])
  ("selcla" .
   [1 0 0 0 0 0])
  ("renewclass" .
   [0 0 0 0 0 1 0 0 0 0])
  ("classnum" .
   [1 0 0 0 0 0 0 0])
  ("action" .
   [1 0 0 0 0 0])
  ("reshape" .
   [1 0 0 0 0 0 0])
  ("gauss" .
   [1 0 0 0 0])
  ("input" .
   [0 0 0 1 0])
  ("Objectset1" .
   [1 0 0 0 0 0 0 0 0 0])
  ("num" .
   [1 0 0])
  ("randint" .
   [1 0 0 0 0 0 0])
  ("get_data" .
   [1 0 0 0 0 0 0 0])
  ("main" .
   [2 0 0 0])
  ("Object" .
   [2 0 0 0 0 1])
  ("ProximitySensor" .
   [0 0 0 0 0 1 0 0 0 0 0 0 0 0 0])
  ("descbinds-anything" .
   [0 0 0 0 0 0 0 0 0 1 0 0 0 0 0 0 0 0])
  ("when" .
   [1 0 0 0])
  ("require" .
   [1 0 0 0 2 0 0])
  ("nil" .
   [5 0 0])
  ("anything" .
   [0 0 0 0 0 0 0 2])
  ("chapter" .
   [0 0 0 1 1 0 0])
  ("reward" .
   [1 0 0 0 0 0])
  ("deepcopy" .
   [0 0 0 0 1 0 1 0])
  ("rang" .
   [1 0 0 0])
  ("act_dist" .
   [0 0 0 0 0 1 0 0])
  ("ch_act_dist" .
   [0 0 0 0 0 0 0 0 0 2 0])
  ("gn2" .
   [2 0 0])
  ("fig" .
   [1 0 0])
  ("plt" .
   [2 0 0])
  ("graph_plot" .
   [0 0 0 0 0 1 0 0 0 0])
  ("np" .
   [2 0])
  ("rand" .
   [2 0 0 0])
  ("sqrt" .
   [1 0 0 1])
  ("cmvar" .
   [1 0 0 0 0])
  ("numpy" .
   [3 0 0 0 0])
  ("tmpy" .
   [7 0 0 0])
  ("tmpx" .
   [9 0 0 0])
  ("dataset" .
   [2 0 1 0 0 0 0])
  ("cl1" .
   [22 0 0])
  ("cal_cluster" .
   [0 0 0 0 0 1 1 0 0 0 0])
  ("index" .
   [2 0 0 0 0])
  ("value" .
   [45 0 0 0 0])
  ("clist" .
   [13 0 0 0 0])
  ("data" .
   [8 0 0 0])
  ("cvar" .
   [11 0 0 0])
  ("cmyu" .
   [8 0 0 0])
  ("inp" .
   [26 0 0])
  ("append" .
   [12 0 0 0 0 0])
  (".dat" .
   [1 0 0 0])
  ("var" .
   [5 0 0])
  ("ob0_" .
   [1 0 0 0])
  ("savefile" .
   [0 0 0 0 1 0 0 0])
  ("name" .
   [14 0 0 0])
  ("error" .
   [2 0 0 0 0])
  ("sel" .
   [3 0 0])
  ("select" .
   [0 0 0 0 0 1])
  ("obnum" .
   [1 0 0 0 0])
  ("selcnt" .
   [1 0 0 0 0 0])
  ("novs" .
   [1 0 0 0])
  ("nov_ch" .
   [1 0 0 0 0 1])
  ("object_featurea" .
   [0 0 0 0 0 0 0 0 0 0 0 0 0 0 1])
  ("CuriFlag" .
   [0 0 1 0 1 0 0 0])
  ("New_ob" .
   [2 0 0 0 0 0])
  ("Ob_num_new" .
   [2 0 0 0 0 0 0 0 0 0])
  ("Ob_num" .
   [1 0 0 0 0 0])
  ("C=1" .
   [2 0 0])
  ("とした。" .
   [1 0 0 0])
  ("0pt" .
   [1 0 0])
  ("end" .
   [3 0 0])
  ("gn" .
   [7 0])
  ("V_alpha" .
   [0 0 0 0 0 1 0])
  ("V_gamma" .
   [0 0 0 1 0 0 0])
  ("p_T" .
   [1 0 0])
  ("p_delta" .
   [1 0 0 0 0 0 0])
  ("selecter" .
   [11 0 0 0 2 0 0 2])
  ("state" .
   [23 0 0 0 0])
  ("act" .
   [9 0 0])
  ("pre_act" .
   [2 0 0 0 0 0 0])
  ("dirname" .
   [1 0 0 0 0 0 0])
  ("bar" .
   [3 0 0])
  ("fromname" .
   [1 0 0 0 0 0 0 0])
  ("foo" .
   [3 0 0])
  ("NUM" .
   [1 0 0])
  ("pre_state" .
   [3 0 0 0 3 1 0 0 0])
  ("print" .
   [0 0 0 0 4])
  ("StateNum" .
   [0 0 0 0 0 1 0 0])
  ("win_neuron" .
   [0 0 0 0 0 0 0 1 0 0])
  ("len" .
   [0 0 1])
  ("learners_list" .
   [0 0 0 0 0 0 0 1 0 1 0 0 0])
  ("sel_ls" .
   [5 0 0 0 0 0])
  ("barL" .
   [1 0 0 0])
  ("rews" .
   [1 0 0 0])
  ("item" .
   [3 0 0 0])
  ("line" .
   [2 0 0 0])
  ("call_error" .
   [0 0 0 0 1 0 0 0 0 0])
  ("ActNum" .
   [0 0 0 1 1 0])
  ("win" .
   [1 0 0])
  ("stock" .
   [2 0 0 0 0])
  ("agent1" .
   [48 0 0 0 0 5])
  ("__rand" .
   [1 0 0 0 2 0])
  ("xmax" .
   [8 0 0 0])
  ("field" .
   [32 0 0 0 0])
  ("filed" .
   [3 0 2 0 0])
  ("agent" .
   [9 0 0 0 0])
  ("obs" .
   [4 0 1])
  ("ymax" .
   [1 0 0 0])
  ("woll" .
   [1 0 0 0])
  ("field_map" .
   [4 0 0 0 1 2 1 0 1])
  ("wall" .
   [1 0 0 0])
  ("__front" .
   [1 0 0 0 0 0 0])
  ("__left_front_" .
   [0 0 0 0 0 0 0 0 0 0 0 0 1])
  ("__left_front_x" .
   [0 0 0 0 0 0 0 0 0 0 0 0 0 1])
  ("__l_front_y" .
   [0 0 0 1 0 2 0 0 0 0 3])
  ("__l_front_x" .
   [4 0 0 0 0 0 0 0 0 0 0])
  ("tmp2x" .
   [5 0 0 0 0])
  ("tmp2y" .
   [3 0 0 0 0])
  ("obsx" .
   [7 0 0 0])
  ("obsy" .
   [6 0 0 0])
  ("objectc" .
   [2 0 0 0 0 0 0])
  ("objectset" .
   [1 0 0 0 0 0 0 0 0])
  ("object1" .
   [9 0 0 0 0 0 0])
  ("obs_map" .
   [6 0 0 0 0 0 0])
  ("wallset" .
   [1 0 0 0 0 0 0])
  ("agentset" .
   [1 0 0 0 0 0 0 0])
  ("agent_map" .
   [1 0 0 0 0 0 0 0 0])
  ("update_observe_map" .
   [1 0 0 0 0 0 0 0 0 0 0 0 0 0 0 0 0 0])
  ("update_value" .
   [0 0 0 0 0 0 0 0 1 0 0 0])
  ("def_make_net" .
   [0 0 0 0 0 0 0 0 1 0 0 0])
  ("observe" .
   [1 0 0 0 0 0 0])
  ("object_map" .
   [1 0 0 0 0 0 0 0 0 0])
  ("pre_obs_map" .
   [1 0 0 0 1 0 0 0 0 0 0])
  ("pre_s" .
   [2 0 0 0 0])
  ("hat" .
   [8 0 0])
  ("__s" .
   [4 0 0])
  ("__a" .
   [5 0 0])
  ("__pre_s" .
   [3 0 0 0 0 0 0])
  ("unit" .
   [1 0 0 0])
  ("outunit" .
   [0 0 0 1 1 0 0])
  ("ini" .
   [1 0 0])
  ("inunit" .
   [2 0 0 0 0 0])
  ("return" .
   [0 0 0 0 0 1])
  ("__pre_x" .
   [3 0 0 0 0 0 0])
  ("print_map" .
   [0 0 0 0 0 0 0 0 1])
  ("pre_x" .
   [1 0 0 0 0])
  ("inplen" .
   [6 0 0 0 0 0])
  ("tmpd" .
   [1 0 0 0])
  ("sumd" .
   [3 0 0 0])
  ("tmp" .
   [3 0 0])
  ("prin" .
   [15 0 0 0])
  ("Dnum" .
   [2 0 0 0])
  ("objectwall_r" .
   [1 0 0 0 0 0 0 1 0 0 0 0])
  ("objectwall_u" .
   [1 0 0 0 0 0 0 0 0 0 0 0])
  ("objectwall_l" .
   [1 0 0 0 0 0 0 0 0 0 0 0])
  ("objectwall_t" .
   [1 0 0 0 0 0 0 0 0 0 0 0])
  ("oblist" .
   [9 0 0 0 0 0])
  ("ob3" .
   [1 0 0])
  ("input_wait" .
   [2 0 0 0 0 0 0 0 0 0])
  ("obvalue" .
   [9 0 0 0 2 1 0])
  ("ovalue" .
   [3 0 0 0 0 0])
  ("sencer" .
   [1 0 0 0 0 0])
  ("sencervalue" .
   [3 0 0 0 0 0 0 0 0 0 0])
  ("toplist" .
   [1 0 0 0 0 0 0])
  ("tmp_state_list" .
   [1 0 0 0 0 0 0 0 0 0 0 0 0 0])
  ("slen" .
   [5 0 0 0])
  ("ob1" .
   [10 0 0])
  ("ob2" .
   [2 0 0])
  ("objectbox" .
   [1 0 0 0 0 0 0 0 0])
  ("cross" .
   [3 0 0 0 0])
  ("pre_cross" .
   [1 0 0 0 0 0 0 0 0])
  ("pre_pos" .
   [1 0 0 0 0 0 0])
  ("pos" .
   [2 0 0])
  ("flag" .
   [1 0 0 0])
  ("undo-tree" .
   [0 0 0 0 0 1 0 0 0])
  ("Global" .
   [0 0 0 1 0 0])
  ("global-undo-tree-mode" .
   [0 0 0 0 0 0 0 0 0 0 0 1 0 0 0 0 0 0 0 0 0])
  ("c_data" .
   [0 0 0 1 0 0])
  ("selcl" .
   [10 0 0 0 0])
  ("make_cluster" .
   [1 0 0 0 0 0 0 0 0 0 0 0])
  ("clustering" .
   [4 0 0 0 0 0 0 0 0 1])
  ("make_class" .
   [2 0 0 0 0 0 0 0 0 0])
  ("slc_prd" .
   [1 0 0 0 0 0 0])
  ("have_child" .
   [1 0 0 0 0 0 0 0 0 0])
  ("cv" .
   [1 0])
  ("cmap" .
   [1 0 0 0])
  ("slc_c" .
   [1 0 0 0 0])
  ("c_sta" .
   [1 0 0 0 0])
  ("select_cluster" .
   [3 0 0 0 0 0 0 0 0 0 1 0 0 0])
  ("select_class" .
   [0 0 0 0 0 0 0 0 1 0 0 0])
  ("pre_c" .
   [1 0 0 0 0])
  ("clusters" .
   [2 0 0 0 0 0 0 0])
  ("cluster" .
   [1 0 0 0 0 0 0])
  ("selectaction" .
   [1 0 0 0 0 0 0 0 0 0 0 0])
  ("feat" .
   [4 0 0 0])
  ("tr" .
   [2 0])))
